1073741824S,0C
497 1
1424493 1
3132 1
671 1
3729 1
1950 1
-1987 -1
1137 1
4177 1
10659 1
807 1
807 1
-827 -1
-827 -1
437 1
3461 1
3495 1
1558 1
-1591 -1
923 1
3926 1
28820 1
-29208 -1
4688 1
3703 1
4972 1
19282 1
18258 1
25584 1
33327 1
89008 1
103057 1
67436 1
29076 1
90429 1
29083 1
89923 1
27310 1
3673 1
4446 1
38707 1
103444 1
4026 1
3891 1
43890 1
35051 1
22802 1
29076 1
93228 1
22931 1
101966 1
22820 1
53139 1
33345 1
90728 1
52682 1
29000 1
28461 1
38307 1
32087 1
31439 1
35153 1
24686 1
35024 1
6192 1
100510 1
5593 1
35159 1
29189 1
35576 1
22881 1
35114 1
12223 1
29243 1
39152 1
87551 1
92463 1
47432 1
103582 1
90463 1
20804 1
33605 1
92736 1
5161 1
-5254 -1
79308 1
38488 1
31850 1
92306 1
97339 1
92895 1
92359 1
29290 1
87919 1
22955 1
92251 1
103130 1
91281 1
33231 1
91235 1
982 1
1084 1
92463 1
22937 1
20779 1
22772 1
93046 1
39728 1
99801 1
93098 1
93160 1
33336 1
84098 1
93189 1
93390 1
93068 1
32759 1
92533 1
50300 1
92720 1
92090 1
92763 1
90708 1
90388 1
50448 1
31547 1
41474 1
89394 1
88771 1
29177 1
92566 1
29267 1
29252 1
32282 1
92293 1
39873 1
20373 1
83406 1
50411 1
92245 1
78891 1
29220 1
65932 1
41729 1
88482 1
38437 1
92087 1
85645 1
65776 1
88466 1
88403 1
95046 1
35002 1
24791 1
29162 1
92233 1
33933 1
34035 1
33082 1
34671 1
26329 1
93275 1
38470 1
29192 1
967 1
955 1
-985 -1
1097 1
-973 -1
1225 1
-1115 -1
1250 1
-1251 -1
1295 1
-1277 -1
1350 1
-1322 -1
1364 1
-1378 -1
-1392 -1
2050 1
2016 1
2060 1
-2055 -1
-2099 -1
3029 1
6602 1
29226 1
29133 1
29112 1
35304 1
96951 1
99395 1
38445 1
34257 1
29095 1
29203 1
29121 1
24856 1
50364 1
29211 1
29020 1
27889 1
94985 1
29112 1
29316 1
33479 1
93719 1
24783 1
95749 1
115959 1
93458 1
41053 1
95659 1
94885 1
72305 1
27014 1
24588 1
58154 1
4682 1
58030 1
4681 1
57868 1
57977 1
19227 1
25828 1
-6303 -1
96493 1
58579 1
42377 1
24697 1
116180 1
29182 1
94667 1
25563 1
24652 1
100412 1
33388 1
38540 1
39109 1
100285 1
94800 1
71467 1
99752 1
25579 1
96326 1
29615 1
29208 1
96102 1
42381 1
98643 1
82338 1
100566 1
